MV 14H

Final SSE Objective: 0.09221732478446891
K: 0.5280686804191848
T: 160.98841281582534
theta: 35.21872295460488


Kp_OMV_FOPDT = 0.5280686804191848
T_OMV_FOPDT = 160.98841281582534
theta_OMV_FOPDT = 35.21872295460488

Kp_OMV_SOPDT = 0.5279783321046589
T1_OMV_SOPDT = 160.37049931289846
T2_OMV_SOPDT = 1.5102440400334622
theta_OMV_SOPDT = 34.601306808660546

Ancienne 

Final SSE Objective: 57.72047761478309
K: 2.4998191578440094
T1: 508.70179860499104
T2: 1934.5349212355486
theta: 4.6680078705405713e-11

DV

Final SSE Objective: 0.04968270029080181
K: 0.6153119961469684
T: 163.91357248141884
theta: 32.38845620532809

Final SSE Objective: 0.03973125756746593
K: 0.611563683291308
T1: 155.0912717619001
T2: 25.53958809347822
theta: 11.559549786267498